tensor([[ 1.0000,  0.0000,  0.0000,  0.0000],
        [ 0.0000,  0.7660,  0.6429,  0.0000],
        [ 0.0000, -0.6429,  0.7660,  0.0000],
        [ 0.0000,  0.0000,  0.0000,  1.0000]], grad_fn=<CopySlices>)
tensor([[ 0.8802,  0.0000,  0.4746,  0.0000],
        [ 0.0000,  1.0000,  0.0000,  0.0000],
        [-0.4746,  0.0000,  0.8802,  0.0000],
        [ 0.0000,  0.0000,  0.0000,  1.0000]], grad_fn=<CopySlices>)
tensor([[ 0.8100, -0.5864,  0.0000,  0.0000],
        [ 0.5864,  0.8100,  0.0000,  0.0000],
        [ 0.0000,  0.0000,  1.0000,  0.0000],
        [ 0.0000,  0.0000,  0.0000,  1.0000]], grad_fn=<CopySlices>)
tensor([[1.2084e-04, 0.0000e+00, 0.0000e+00, 0.0000e+00],
        [0.0000e+00, 2.3554e-03, 0.0000e+00, 0.0000e+00],
        [0.0000e+00, 0.0000e+00, 6.3524e-03, 0.0000e+00],
        [0.0000e+00, 0.0000e+00, 0.0000e+00, 1.0000e+00]],
       grad_fn=<CopySlices>)
tensor([[1.0000, 0.0000, 0.0000, 0.9146],
        [0.0000, 1.0000, 0.0000, 0.3545],
        [0.0000, 0.0000, 1.0000, 0.0304],
        [0.0000, 0.0000, 0.0000, 1.0000]], grad_fn=<CopySlices>)
F
tensor(0.7309, grad_fn=<NormBackward0>) tensor([[ 8.6157e-05, -1.2157e-03,  3.0151e-03, -2.6064e-04],
        [ 2.4408e-05,  1.8829e-03,  3.5946e-03,  7.9906e-04],
        [-8.1141e-05, -7.2450e-04,  4.2827e-03, -2.0099e-04],
        [ 0.0000e+00,  0.0000e+00,  0.0000e+00,  1.0000e+00]],
       grad_fn=<MmBackward>)
170100 tensor(0.7307, grad_fn=<NormBackward0>)
170200 tensor(0.7305, grad_fn=<NormBackward0>)